-5.454118240662650940e-01 -4.330740298327637183e-01 7.176160720420914352e-01
-4.778563978413153390e-01 3.115705948744385556e-01 8.213263830242585328e-01
8.737093939056248537e-01 -1.117573475215964951e-01 4.734365747130258595e-01
-6.087697179450790586e-01 -5.906832889050744884e-01 5.296155990162613181e-01
-6.408506475208113340e-01 4.467162822508286557e-01 6.243036206399533716e-01
-9.267377215308297833e-02 -8.382385175994691018e-01 5.373711562482330617e-01
-7.452272859912951741e-01 -1.178918469831769511e-01 6.563061820742996932e-01
-4.298137519942239471e-01 5.324873396543985393e-01 7.291895307150461081e-01
-6.582588320014236549e-01 -4.189459141021316668e-01 6.254435475318702586e-01
-3.689619758632196045e-01 7.253370852622981202e-01 5.811653578030117062e-01
-3.612998376494355179e-01 1.633578120653144949e-01 9.180286774124896132e-01
-2.171400294555219102e-01 1.627980631549577617e-01 9.624692193732998780e-01
-6.219586011889376431e-01 -3.417204808362944712e-01 7.045527740234308611e-01
-4.781247725277791849e-01 2.108640022840891637e-01 8.526037030391053761e-01
-5.323848365537915406e-01 -2.092718756169952010e-01 8.202265954499023959e-01
-3.082092184218285791e-01 6.377968097871516973e-01 7.058486431984816178e-01
8.681426659981748006e-01 1.406524236889840629e-01 4.759676535059876312e-01
-4.822970041503770733e-01 -6.965023136205453769e-01 5.312947646164023485e-01
-7.784427634871070589e-01 3.381784081266663855e-01 5.288310015983080925e-01
-5.016829708178633940e-01 9.868964124240268976e-02 8.594036022165654209e-01
-3.062243945253600441e-01 3.353100573061320588e-01 8.909510568302477784e-01
-5.952837760761708896e-01 -5.093397399761956379e-01 6.214581685210008866e-01
-6.321713235771276862e-01 6.956648155922144638e-02 7.716993730010495156e-01
7.861033530872771902e-01 3.662307897983697602e-01 4.979121678254124217e-01
-8.491406488941272146e-02 -4.784337085475398044e-01 8.740084599758772832e-01
-7.519347024390985457e-01 2.236924430395400565e-01 6.201257083808300319e-01
-7.765507027059408429e-01 -2.414176834589190634e-01 5.819677896930710581e-01
3.970556240732410654e-03 -7.016688759734150960e-01 7.124921214815947978e-01
-4.085693152513209525e-01 -5.485074027839218491e-01 7.295277539109141784e-01
-5.332115548169334973e-01 -3.264088630087609855e-01 7.804759393850881910e-01
-2.418704887558750793e-01 1.251137018315183827e-02 9.702278764729110883e-01
-4.747471549718345063e-01 -9.326617180172679100e-02 8.751665898808064226e-01
1.008697413997628259e-02 -3.167742578523151664e-01 9.484473219503624097e-01
-3.598783689820828080e-01 -6.455393227700466363e-02 9.307633154386627528e-01
-5.458768188930640530e-01 -7.195576158889062032e-03 8.378345434982555906e-01
-7.555424094533464974e-01 -3.692220762453896077e-01 5.411383611706671593e-01
-6.976845153404798161e-01 1.591294802236465078e-01 6.985085007198351681e-01
-2.691122321956261887e-01 5.105893783404092945e-01 8.166254301750843769e-01
-4.352533929806082780e-01 -4.380317642349346174e-01 7.865638292091106099e-01
-2.310514583504622854e-01 -8.095250951271151241e-01 5.397076467436418001e-01
-5.293099568186803161e-01 -6.092770717487493437e-01 5.904340940815291372e-01
-6.879808280205829130e-01 -4.846172651157206746e-01 5.402115202657866710e-01
-6.403634447645019101e-01 -4.254981700110291309e-02 7.668925424611412467e-01
-5.856999188128948486e-01 -1.270545676185817763e-01 8.005078025539934528e-01
-6.051624920147334885e-01 2.710297420713022043e-01 7.485460821962004463e-01
-2.055819598681279253e-02 -7.925342149884404552e-01 6.094808271393158394e-01
-5.026969136027867879e-01 -5.314068845999569968e-01 6.818376170716897722e-01
-6.368476453242060131e-01 3.518671916087570684e-01 6.860135247313865481e-01
-2.371760469575966424e-01 -7.315235317772491586e-01 6.392345776048945494e-01
-3.604112191628855433e-01 -7.562776047384081046e-01 5.460292461697074939e-01
-3.277971581513233201e-01 6.229804706886965526e-02 9.426918777836803542e-01
-5.210780265063567063e-01 6.277619807107341909e-01 5.782668811771742856e-01
1.895262878014262325e-02 -5.834837429975551215e-01 8.119036393069594126e-01
-8.292135221117213906e-01 -7.893731941303257227e-02 5.533297699843728878e-01
-6.022002182697485662e-01 1.779242120633225954e-01 7.782659390449468972e-01
-8.248041086911830355e-01 1.868171054060462632e-01 5.336642684439807383e-01
-5.452799767400957620e-01 4.990301669602187906e-01 6.735270146252316792e-01
-1.145137978709163812e-01 -7.451580041275664978e-01 6.569826017344752023e-01
-1.381039853659574712e-01 3.861380301864283937e-01 9.120442483069471917e-01
-4.315817912176849735e-01 -6.470071440610856150e-01 6.285848495018409032e-01
-4.248537456647063504e-01 1.694707070931169776e-02 9.051033596164818062e-01
3.940695335264546989e-02 -4.529771104601466591e-01 8.906507898310305205e-01
-1.682481098670345621e-01 2.911025350575277004e-01 9.417812312895449400e-01
-4.854795607196577545e-01 4.308376646647840702e-01 7.607157832131808961e-01
-6.020147788001353195e-01 5.751747318981353940e-01 5.538521769318345278e-01
-6.218883652165919651e-01 -2.319782109292250760e-01 7.479578670368476345e-01
-1.218564174361327634e-01 -6.239933143028310036e-01 7.718700390836523706e-01
-1.196703104777848969e-01 2.111770853123162983e-01 9.700944569623852765e-01
8.261216702165626868e-01 -3.488735855366640326e-01 4.425044715179595189e-01
-7.974617079158037303e-01 6.119128655140445433e-02 6.002586532972208344e-01
