-6.620340383463377831e-01 -4.342059615158146840e-02 7.482149316210423562e-01
8.807003280747986995e-01 -8.394847616962139436e-02 4.661754878559578041e-01
-4.299435355276270410e-01 -5.963179650570058499e-01 6.779037105727300228e-01
-5.560484155173154308e-01 6.141576270062167886e-01 5.600183646906371493e-01
-6.335563055386511655e-01 3.372462125352523876e-01 6.963270782059552966e-01
-1.405726287428572252e-01 3.753014231924331479e-01 9.161813018164347566e-01
-1.648040163179298554e-03 -7.274350747812431406e-01 6.861745375206134145e-01
-6.645215254187157861e-01 -5.059748819141870468e-01 5.499095935943540958e-01
-9.243092569691620242e-02 -8.407012486865212963e-01 5.335521852937488152e-01
-6.021426748543022844e-01 2.226616204845782154e-01 7.667111593569558847e-01
-3.494216648307806317e-01 1.503117410821528110e-01 9.248301901645171741e-01
-7.752281018867311913e-01 3.341136759700855108e-01 5.360871585617887902e-01
-6.226800626623624213e-01 -2.967207655183204951e-01 7.240347552935687547e-01
-2.794763259668373023e-01 6.081133780429682778e-01 7.430283323462492096e-01
8.187673445221090862e-01 2.828085364738679996e-01 4.996392370918469883e-01
-4.330305998834818038e-01 -4.683119289619233072e-01 7.701742898568570972e-01
-1.262373129161776519e-01 -7.522640566611631385e-01 6.466551862340496060e-01
-3.691716566203604444e-01 -7.561163359115533611e-01 5.403705899804924773e-01
-6.310830622823200287e-01 1.078596732182444395e-01 7.681799654987253589e-01
7.546594300923222809e-01 3.898851626275957605e-01 5.277108152535673335e-01
-5.349678523967520416e-01 -2.752964522170823769e-01 7.987623302952477911e-01
7.001556904211847510e-01 5.056476089079857683e-01 5.040858109255510477e-01
-6.730325992093660892e-02 -4.282275086771683004e-01 9.011611798208801760e-01
-4.729192214777124259e-01 2.953985237136642628e-01 8.301127165299313493e-01
-2.591200131211024993e-01 -7.388828726658277501e-01 6.220200312539893028e-01
-5.302709865316690419e-01 4.365005967675563703e-01 7.268286660997196336e-01
-2.061414769066790553e-01 1.639862670314978788e-01 9.646834691875918466e-01
-8.185180152406530407e-01 1.929692154346947797e-01 5.411017839750857927e-01
3.010317595393546125e-02 -5.731346682377793655e-01 8.189080845012198795e-01
7.284201146880728839e-01 4.618985396999968907e-01 5.060176632695985166e-01
-6.370133001737543488e-01 -4.189262071845534230e-01 6.470818250698338048e-01
-7.709488742790440163e-01 -2.354877957547516221e-01 5.917629012522188647e-01
-4.243912104188607426e-01 4.775851158129480467e-01 7.692883449482041947e-01
-5.438566216675794207e-01 5.233402443663263126e-01 6.559992101328484537e-01
-7.980404554118044613e-01 6.149054978703472063e-02 5.994583753798153891e-01
-4.978473334821830742e-01 -1.153499154991719788e-01 8.595594392123291350e-01
4.461909380355631033e-02 -3.537504881306186566e-01 9.342749748417209510e-01
-5.755059740618382325e-01 -6.047292758246936017e-01 5.505409855584560974e-01
8.453764470602342929e-01 -2.528923051018002743e-01 4.705147657365419400e-01
-9.934790991979748631e-02 -5.465394947611984522e-01 8.315194366103184631e-01
-1.321835375759139175e-01 2.509278830214077272e-01 9.589383243547581204e-01
-3.178660911565641123e-01 4.690945200704108586e-01 8.239608481795467343e-01
-3.792977038704780091e-01 7.320241074885047716e-01 5.659275200007869433e-01
-2.599872710542896342e-02 -7.996701599666182769e-01 5.998764051434767319e-01
-9.284063703180025010e-03 -6.524992460441236819e-01 7.577324990212612743e-01
-5.561063716834471204e-01 -4.267816746689465264e-03 8.311001679179763624e-01
-3.718449085061093506e-01 -6.776553843186756965e-02 9.258181224296282430e-01
-2.294641160522804813e-01 -8.119156367482528447e-01 5.367860078728065032e-01
-2.710731749478485497e-01 1.891199557673484827e-02 9.623729371958661405e-01
8.043655711740338443e-01 3.693514000682429077e-01 4.653768055860745823e-01
-4.910927523509933112e-01 1.383732103992692808e-01 8.600469540857207384e-01
-4.259234021796003966e-01 2.069012229066744327e-02 9.045226223347604400e-01
4.500853556088343921e-02 -4.706027953971398392e-01 8.811964824549984865e-01
-2.199481946256122700e-01 5.332680838951644464e-01 8.168524605947597994e-01
8.823812576987029033e-01 5.990281151636342449e-02 4.667065129548659264e-01
-3.255947606763723301e-01 6.699213270290316213e-01 6.672281974045739528e-01
-5.365635126066214955e-01 -4.013691426250379779e-01 7.422953645872282236e-01
-7.329534105794263121e-01 1.923666780113689467e-01 6.525138765657456652e-01
8.159004271032962441e-01 -3.863959271781749472e-01 4.301217043033023213e-01
-1.467824943111930014e-01 -6.563885082349943945e-01 7.400060983673197867e-01
-6.382681458334357183e-01 4.552940049525748822e-01 6.207424128159702015e-01
-5.441857599643115107e-01 -5.203299647186839794e-01 6.581174564376160996e-01
-4.477864112730874924e-01 5.629182192600562518e-01 6.947016685630289512e-01
-4.731718746642488149e-01 -6.817517659796458185e-01 5.579631767512572837e-01
-2.816882624824684767e-01 3.192346387978689526e-01 9.048430627303291063e-01
-1.264380408759573950e-02 -2.695950247463612670e-01 9.628907813714924213e-01
-5.977819638774216626e-01 -1.663948284052500781e-01 7.841999010092006728e-01
-8.189816338643419735e-01 -8.218368410249914102e-02 5.679039755629761155e-01
-7.459217110935906225e-01 -3.829595707422890349e-01 5.449245526640285053e-01
8.603294406618353651e-01 1.727117593793688899e-01 4.795872201201535345e-01
