-2.512526911601927204e-01 2.970504837635676298e-01 9.212128392942596777e-01
-7.632102975178434168e-01 5.297355358410193310e-02 6.439750339752288166e-01
-2.939737121219597460e-02 -3.957523795663274724e-01 9.178866207944212929e-01
-4.092020419012230570e-01 -6.846563799788415450e-01 6.031577988040425220e-01
-4.285511425217037318e-01 3.467668349883989420e-01 8.343240859495013595e-01
-7.153227538625145376e-01 -5.552257399040077396e-02 6.965849564726679377e-01
-6.760797703125472902e-01 -5.160281270512218077e-01 5.259573331232690885e-01
-6.631655841691078690e-01 -4.554991701234000212e-01 5.939123790514388990e-01
8.062982677150132282e-01 -3.993924779215428100e-01 4.363126769410423655e-01
-1.489980428822654246e-01 -6.887318678064648925e-01 7.095406947350326732e-01
-5.108550577254742375e-01 -6.155272695413223083e-01 6.001277284439595627e-01
-6.077523657781263022e-01 2.240490089018132291e-01 7.618655416155831750e-01
-7.048809807860513255e-01 1.638042989767531654e-01 6.901528486957284603e-01
-8.235190476622499256e-01 -1.421618376966740371e-01 5.491870264674550972e-01
-4.032947636438806716e-01 7.448073968915349674e-01 5.316157213185872532e-01
-1.432623361159202913e-01 -7.858304933254915969e-01 6.016197626494856898e-01
-2.524945876898797986e-02 -7.797363618417909592e-01 6.255986499774441878e-01
-4.736338092751968265e-01 4.779242971998592382e-01 7.397698161303197795e-01
-2.836090084926427557e-01 -7.984575110852737412e-01 5.310664113774568040e-01
-5.310752943254712921e-01 -1.794851149205759500e-01 8.280966883637812526e-01
-6.707629278284862329e-01 -1.875332230794895805e-01 7.175711706112329891e-01
-8.329319513456782120e-01 -4.797721111560344920e-02 5.512917119284941325e-01
-7.322723259601969792e-01 -2.777918903518130089e-01 6.217788242515255304e-01
-6.362273819616637294e-02 -8.442744881925067224e-01 5.321209785111866708e-01
-3.448016792863022872e-01 2.704967948348164786e-01 8.988566548373757570e-01
-6.607721726366472259e-01 4.398653758533497826e-01 6.081928863398817775e-01
-7.803254522977507435e-01 -8.175413180325566409e-02 6.200068148249714417e-01
-2.450836773076387198e-01 -7.513547401048414898e-01 6.126989845261303635e-01
-7.966662406364813931e-01 -2.386619670510398139e-01 5.553047510272751675e-01
-2.969645781957516717e-01 -6.900080852709500334e-01 6.600764209981574426e-01
7.278006055873647018e-01 4.585920376594816994e-01 5.099015802113089357e-01
8.093104735242331316e-01 3.587792925046593417e-01 4.650741625954267211e-01
-2.917823123126124241e-01 5.834058876154436524e-01 7.579582129096176235e-01
-8.690181131130956735e-03 -6.789028501774388991e-01 7.341766822590172215e-01
-5.289026618976125915e-01 -6.640319019686385937e-01 5.285107448345133241e-01
-1.117501092365640880e-01 -5.641968887914784458e-01 8.180426540001639601e-01
-4.540376114937350605e-01 -7.161045327837021190e-01 5.301359688567639505e-01
-7.714581364574769617e-01 -3.311888309993544222e-01 5.432920963117702229e-01
8.985364694221305015e-01 -1.150445205547834943e-01 4.235527964831922731e-01
8.341745417838454246e-01 -2.069547645668378399e-01 5.111971823697741835e-01
-4.005432121498508358e-01 6.092339546505486370e-01 6.843969050934790577e-01
8.460022023187395712e-01 1.583888049110785678e-01 5.091102632541231188e-01
-7.499075661238228108e-01 3.090733593514362054e-01 5.849036679740197142e-01
-6.286049628229964936e-01 -3.113102488070823570e-01 7.127003084761305285e-01
-7.019642431427153273e-01 -3.573857678953387129e-01 6.160532560216965825e-01
-7.657061061351574383e-01 -1.683122729856227628e-01 6.207778489844401060e-01
-3.096469117916414993e-01 6.465732285017862235e-01 6.971813610551248486e-01
-5.357331950471367898e-01 5.592285541508251745e-01 6.326558052740558491e-01
-2.452561873089184052e-01 -6.099517489847103846e-01 7.535305345486574824e-01
-5.528561372736827684e-01 6.524921149842844992e-01 5.182703265306223273e-01
-7.327890601168660645e-01 -4.219938286975692954e-01 5.337990276444931625e-01
-3.608351471319573567e-01 7.033983619160321110e-01 6.123959022136755692e-01
1.811245526654265553e-02 -5.548284041465804117e-01 8.317676243497196253e-01
-7.786680655880887647e-01 1.522573976690996811e-01 6.086819600483797110e-01
-1.891821038317363368e-01 -8.256502019655841407e-01 5.315184621290103273e-01
-3.593225969302596967e-01 -7.561925088864427380e-01 5.468639326553922375e-01
-1.756135857680988788e-01 2.093518654695936398e-01 9.619416120108703616e-01
-4.827199909835714897e-01 7.014304004481490828e-01 5.243823067495411161e-01
-5.339585617129757322e-01 -5.108168843342438814e-01 6.737613561584443467e-01
9.067976464485734134e-01 7.328406427959653635e-02 4.151475331951183234e-01
-6.158257304283838440e-01 3.521078828703094743e-01 7.048253035773729414e-01
-6.019777697059320865e-01 -5.969075973260765666e-01 5.303999293309551444e-01
-1.928128014778804078e-01 5.354880779346663511e-01 8.222382513457326958e-01
-8.266143845120438316e-01 8.254619001973335923e-02 5.566819431515639405e-01
-2.605007367116078387e-01 4.291830254098192299e-01 8.648359942051349059e-01
8.579920366457580716e-01 -3.074133935451491828e-01 4.115175215243203621e-01
-4.170894068908934660e-01 -6.093456087003755739e-01 6.743399408436159259e-01
-4.574785133434366435e-01 6.509974733795570456e-01 6.057356679959600143e-01
-6.018068485273432300e-01 -5.335687289564554625e-01 5.942498872910113583e-01
8.475083220952511764e-01 2.594178962736428673e-01 4.630680285576294075e-01
