-7.469858916473554045e-01 -3.961198205639688830e-01 5.339486543069236202e-01
-4.136487932298323900e-01 7.385734302542998897e-01 5.323569892298778417e-01
8.502364424694569545e-01 1.763104678802163983e-01 4.959965834688186415e-01
-8.609059179575894588e-03 -6.482992444952944133e-01 7.613369646134836577e-01
-6.142484393512511742e-01 2.200596969528401115e-01 7.578077490574878228e-01
-6.030453065954356484e-01 -5.941038991709330919e-01 5.323315838677156187e-01
-6.827096746728193999e-01 -5.054863560740106010e-01 5.276277512898193134e-01
-3.392833880933055490e-01 -7.754771442213074240e-01 5.324678218956454545e-01
-8.230550798184331773e-01 -1.485261255839925298e-01 5.481973418433192524e-01
-1.627524926459680832e-01 1.445136535518117549e-01 9.760263470186811841e-01
-3.916635353172770451e-01 3.601181786124045270e-01 8.467080798809327735e-01
7.426639974476071382e-01 4.434789234964696125e-01 5.017734860567595323e-01
-2.440708187794884410e-01 2.657520213678686849e-01 9.326335285411960774e-01
8.279076317380829053e-01 -3.562945177411855902e-01 4.331549029359069158e-01
-8.025894698433588825e-01 1.041146895791350419e-01 5.873757522322456959e-01
-7.369713809413226402e-01 2.259423617733453352e-03 6.759201718238297962e-01
-1.852878671777249270e-02 -7.297969456205464223e-01 6.834128344022291079e-01
-4.452520421891090208e-01 -7.159065292607086350e-01 5.377996469767468701e-01
-6.071399035391313870e-01 -5.277091386762901015e-01 5.940574067276850334e-01
8.329470168540081820e-01 3.041428171227620880e-01 4.622730945086885868e-01
8.698140452511715637e-01 -1.650462320949770967e-01 4.649551246680093675e-01
-7.501668998355329743e-01 3.075691091020163470e-01 5.853638744553145701e-01
-3.030452533795007786e-01 6.205669004167723157e-01 7.232290760964149579e-01
-4.577669579737243533e-01 6.544823403719794985e-01 6.017493484239920809e-01
-3.982861332200894888e-01 6.119304558907302516e-01 6.833075978195708444e-01
-4.141486585998877534e-01 -6.152047073387383325e-01 6.708234168901462402e-01
-2.516900125218898276e-01 -6.093997517658120699e-01 7.518537624727946733e-01
-5.281480980714503559e-01 -6.661113386531138936e-01 5.266452990593061267e-01
-9.165126758484677671e-02 -4.934382279375164604e-01 8.649385876234072512e-01
-7.877164530925667707e-01 -2.745491184009217212e-01 5.514758119016124338e-01
-2.825265605221803367e-01 -6.871511917703188033e-01 6.693295020004252915e-01
-2.149273613849766729e-01 5.501583428045807578e-01 8.069275228734046346e-01
-4.417415272932271320e-01 4.538601073799273800e-01 7.738704193815187926e-01
-1.871647525139620571e-01 2.448126076108705640e-01 9.513338754460251012e-01
-3.018977781761954249e-02 -8.038962349358313997e-01 5.940028794301568382e-01
-2.051585869675353613e-01 4.107267119903964536e-01 8.883769032629349471e-01
-8.199428641526250450e-02 -8.479822976953076408e-01 5.236439246192381436e-01
-2.576910576904200556e-01 -7.536796976070719856e-01 6.046174263129578952e-01
-4.414633715501766198e-01 3.121365946923667090e-01 8.412376821287808060e-01
-3.566030992316929771e-01 7.002278684622968985e-01 6.184781013480586953e-01
8.382768646001169388e-02 -3.527573473520686509e-01 9.319523447429561847e-01
-2.926399964143014953e-01 4.544407524016208511e-01 8.413355068314223306e-01
-8.304709229005833304e-01 -3.456601625055541471e-02 5.559885221272286016e-01
-6.313488440595760309e-01 -3.030196677835800823e-01 7.138471251192134437e-01
-7.661169917975921839e-01 -1.940813294394893307e-01 6.126966561374465048e-01
-3.769229751099289483e-01 -7.024195082839550519e-01 6.037680889351531022e-01
2.089407108765947013e-02 -5.495864658299476346e-01 8.351755230907642602e-01
-5.312798222563509531e-01 6.707678650590445102e-01 5.175057696947849006e-01
-6.608553859369178385e-01 4.397530136405122247e-01 6.081837270695880093e-01
-3.142289547435605512e-01 2.341744746005685329e-01 9.200122170092728258e-01
-1.565620437892744354e-01 -6.991610085470011393e-01 6.976117907346933711e-01
-5.418192477064049939e-01 5.620224924718597581e-01 6.249500946240295063e-01
-6.829700257319600842e-01 -1.636927020484547912e-01 7.118684170882717543e-01
-5.310752943254712921e-01 -1.794851149205759500e-01 8.280966883637812526e-01
-5.050798221313966829e-01 -6.206374121350928252e-01 5.997529290749413766e-01
-7.136179999127633122e-01 -3.244265764829339371e-01 6.208838431398183699e-01
9.072325892052310881e-01 6.147337602399689099e-02 4.161130292651080143e-01
-1.513003159495577010e-01 -7.911373941255416264e-01 5.926295959617705611e-01
-5.333467281585857478e-01 -5.131430388633008155e-01 6.724771291491395964e-01
-7.789010456560181428e-01 -9.235075481932165931e-02 6.203100024667205226e-01
-6.158226580273359341e-01 3.518070841486224398e-01 7.049781765437787007e-01
-1.328373583952821568e-01 -5.957253560195017172e-01 7.921272223639338472e-01
-1.506420179715734220e-01 2.041406206371332299e-01 9.672815461008952287e-01
-2.547982828509360864e-01 3.359156199427958955e-01 9.067736935612223936e-01
-4.982007593243880650e-01 5.011168586301424366e-01 7.075859646751490040e-01
-7.221178301497495067e-01 1.570015088636065870e-01 6.737183132395675456e-01
-3.637290745546569726e-01 2.959618575688746089e-01 8.832370798307744852e-01
-2.250302053823989568e-01 -8.189027410376327198e-01 5.279769951300977704e-01
-6.725695151050371523e-01 -4.402016284689796999e-01 5.948720649388685722e-01
-4.624132711851515753e-01 3.606684105459665446e-01 8.099952248415379641e-01
