-3.632844361488767881e-01 7.059972004971151183e-01 6.079410920000628549e-01
-5.138460245288773987e-01 -6.175670523402894130e-01 5.954604931811975366e-01
8.390303222802701910e-01 2.745924389186583658e-01 4.697096026088551923e-01
-8.080761149439326108e-01 9.134295890815294361e-02 5.819531392775743051e-01
-2.926884315031567096e-01 4.543808126885944265e-01 8.413510320458840175e-01
-1.590621192416235286e-01 1.588132173693491134e-01 9.744114142451120175e-01
-8.287651042493960896e-01 -7.299370409979454022e-02 5.548155739885816118e-01
8.354530646201641098e-02 -3.623348719050236699e-01 9.282960855081410223e-01
-6.735952531686747458e-01 -4.395486858159833310e-01 5.941938973988802886e-01
8.284886731712700625e-01 -3.552539731824267966e-01 4.328985250205966140e-01
-1.657302147505585743e-01 -8.221790015220457049e-01 5.445688068324751052e-01
-3.771105907630892817e-01 -7.595543089028569117e-01 5.299668425113189807e-01
-1.465920544734408970e-01 -6.627152542936979307e-01 7.343835927440748312e-01
-6.533691032472739302e-01 4.331779811593770568e-01 6.208588016292749812e-01
-7.473685098223176171e-01 -3.956675449309016712e-01 5.337485404329654903e-01
-2.854475958315708106e-01 2.449038563038893612e-01 9.265752917067560102e-01
8.709799027114720760e-01 -1.615059766188402524e-01 4.640149012576093579e-01
-4.577818628714896421e-01 6.510050750198171921e-01 6.054982727674382836e-01
-7.467355020638478669e-01 -2.704760240303086954e-02 6.645709271113962036e-01
-1.641110175874106458e-01 2.436250071148510499e-01 9.558841089874406949e-01
-6.791021206380085662e-01 -5.114024869700083409e-01 5.265812435568228977e-01
-6.215085113526231941e-01 2.366117978536654565e-01 7.468212821235762355e-01
-5.337723068163378048e-01 -5.127418342199109302e-01 6.724454891786892929e-01
-4.913507538857798118e-01 -6.935948835195554496e-01 5.267832326596684211e-01
8.885998740621725567e-01 9.355644859075747111e-02 4.490405936480308946e-01
-4.827504768489844778e-01 7.015600781471418301e-01 5.241807263265736427e-01
-7.502119596210604646e-01 3.071900596483529977e-01 5.855051518943017452e-01
-3.092388989483558226e-01 5.955533080676274071e-01 7.414091722031190823e-01
-5.312214038909646163e-01 -1.799349282805828565e-01 8.279053337385705591e-01
7.509197589156608732e-01 4.346479378967640916e-01 4.971928054106740658e-01
-5.419595410521581558e-01 5.615348416139878118e-01 6.252667250990472381e-01
-7.338671110149703747e-01 1.453158535834827292e-01 6.635679061466466244e-01
-7.162576150926988072e-01 -3.161997005078903689e-01 6.220874361538255570e-01
2.023686888086059441e-02 -5.445933441881326553e-01 8.384560564536970295e-01
-5.907539158368468185e-02 -8.488108593022121173e-01 5.253857851520866706e-01
-2.787311473095897552e-01 -6.839952325022331525e-01 6.741360911816665080e-01
-2.397644224852254480e-01 5.721697968651477950e-01 7.843052628062761045e-01
-5.915515620311960765e-01 -6.098257516891216756e-01 5.274270584974286580e-01
-6.891941444963795016e-01 -1.678389494996856690e-01 7.048698590681443665e-01
-3.150723062036332456e-01 6.541272883230861979e-01 6.876386642231585578e-01
-5.529966933233436688e-01 6.525928534945891757e-01 5.179934601336559918e-01
-2.662118486619358126e-02 -7.284082345423174010e-01 6.846259974374800938e-01
8.426492731090985677e-02 -3.421096983246681988e-01 9.358741241948573819e-01
-4.033635550291246319e-01 6.085473367924657540e-01 6.833505552474977707e-01
-7.224259002365095335e-03 -6.451890204846326693e-01 7.639888336408764413e-01
-2.231887435947965403e-01 2.298479839212336229e-01 9.472891264127970556e-01
-6.076442707569275070e-01 -5.310449960606838937e-01 5.905587628468399464e-01
-4.974252205737437760e-01 5.008304555722618012e-01 7.083339641076397131e-01
-8.565424624217202187e-02 -4.238171581388870401e-01 9.016886195177151730e-01
-3.941655050099102109e-01 3.567019742813831717e-01 8.469930673884208394e-01
-3.105697580135010627e-01 -7.368333700122525753e-01 6.005189507782598968e-01
-1.110573514324538075e-01 -5.530374966957569693e-01 8.257213767011841732e-01
-2.162994841375537047e-01 4.033383976901307455e-01 8.891190415858756246e-01
-4.415047621859693461e-01 4.515815239636441492e-01 7.753371345303817774e-01
-1.869367450686715559e-01 5.256064686882997439e-01 8.299352344708267326e-01
-3.662615941913224260e-01 2.961344559390313158e-01 8.821319791426480705e-01
-2.434404383176983766e-01 2.818478645978861330e-01 9.280617081925633949e-01
-4.822268725210197143e-02 -7.965410867528779360e-01 6.026581697353236011e-01
-4.143794876264545457e-01 -6.129856469528848217e-01 6.727096229906259772e-01
-4.546679369021465189e-01 3.326317550194232142e-01 8.262161840014052849e-01
-3.266858907497674491e-01 2.298828415590266627e-01 9.167498066221657638e-01
-7.876889674810211295e-01 -2.675513299796110633e-01 5.549435794158034119e-01
-2.680869578749935367e-01 -8.026004925475599405e-01 5.328806924441393811e-01
-4.042501756480356701e-01 7.463835403980937366e-01 5.286713592690067687e-01
-6.302118473936465515e-01 -3.040019482496383874e-01 7.144339317705390435e-01
-4.130972707744908767e-01 -6.886894271096642983e-01 5.958670303566300230e-01
-1.988660395003861436e-01 -7.539777301507806229e-01 6.260749801502274448e-01
-7.927600762738368223e-01 -1.614182146524691941e-01 5.877717426388492372e-01
-2.549246422998784900e-01 3.391948440634163231e-01 9.055165843368488954e-01
-2.491397742013526928e-01 -6.048682637584917865e-01 7.563489647039166597e-01
