-5.294689317457745847e-01 -6.640438606199998706e-01 5.279284056468966924e-01
-5.298478626271370118e-01 -5.997010772082062013e-01 5.996831333835992428e-01
-4.474313224376999520e-01 -7.235108074110201404e-01 5.256779653562667631e-01
-4.525228862530669693e-01 -6.638500659239393586e-01 5.954209665354209813e-01
-6.066523943645784067e-01 -5.938879115239515949e-01 5.284600466993156775e-01
-6.675004828062203188e-01 -4.492489409285319035e-01 5.938168863614902149e-01
-6.101302184586249178e-01 -5.255402940321359795e-01 5.929152687123571130e-01
-5.355080519025167129e-01 -5.076817850275076038e-01 6.749002381825441876e-01
-7.355920527102166595e-01 -4.188160736502253290e-01 5.324447656252982997e-01
-6.795467952068177109e-01 -5.116631220212787268e-01 5.257537471930953110e-01
-7.734910633896435739e-01 -3.271865257240583191e-01 5.428264476248174653e-01
-7.992540776248434620e-01 -2.335566377898822266e-01 5.537546535645065937e-01
-7.033672072996479674e-01 -3.515884583692096554e-01 6.177864741454418551e-01
-7.397636249747068238e-01 -2.729148565032353257e-01 6.150343569786159703e-01
-6.098735941988240317e-01 -3.775538524567524368e-01 6.967835299388702719e-01
-6.440112366875840877e-01 -2.718331977116157372e-01 7.150917700840964120e-01
-5.312214038909646163e-01 -1.799349282805828565e-01 8.279053337385705591e-01
-8.245635147145456978e-01 -1.377873109443072119e-01 5.487346053825400416e-01
-7.804684592636281781e-01 -8.079268793646778024e-02 6.199528414893016315e-01
-7.671588864806592190e-01 -1.670581102608717505e-01 6.193212661372300420e-01
-6.850424274597829433e-01 -1.527769522637729971e-01 7.123033591364011929e-01
-8.329817122296350185e-01 -4.430722761170189511e-02 5.515236501477976949e-01
-8.273800953453718243e-01 8.497766891468731820e-02 5.551765247307464124e-01
-7.193970241572443802e-01 -3.371308125401781958e-02 6.937804766538629986e-01
-7.668314283286384869e-01 5.731730354166541391e-02 6.392841991181799077e-01
-7.778743482492177508e-01 1.551550515135127761e-01 6.089650304620896071e-01
-7.492842614272581248e-01 3.109478025879921503e-01 5.847089529356527260e-01
-7.048530157482197911e-01 1.632918116749392523e-01 6.903028396512331799e-01
-6.160377704633963614e-01 3.510545640019720470e-01 7.051653412185493464e-01
-6.079193832750173776e-01 2.238949213620940737e-01 7.617775840931421127e-01
-6.565729730268661246e-01 4.450248731656467061e-01 6.089866939060017970e-01
-4.715494042484342230e-01 4.753979163556150689e-01 7.427233539331360435e-01
-5.312907191240269222e-01 6.692115432144375431e-01 5.195056132528552695e-01
-4.226542345810643808e-01 7.288021999418802244e-01 5.387121228917818305e-01
-3.333622261067987202e-01 -7.812427884986542503e-01 5.277587816644707663e-01
-3.692641285168715704e-01 -7.252804230360377913e-01 5.810441561115139431e-01
-2.320915744377737289e-01 -8.178070857113522996e-01 5.266166268124280458e-01
-1.491674896568057629e-01 -8.107341752454980677e-01 5.660911208617290802e-01
-2.491166309696615788e-01 -7.544646188274423126e-01 6.072265171349877644e-01
-4.221690483157783946e-01 -6.054778513326098954e-01 6.746627796090398643e-01
-3.258575544806954216e-01 -6.840737098430458296e-01 6.525795075616710461e-01
-2.285809597916327041e-01 -6.817793309944036872e-01 6.949299883078577933e-01
-2.522823581259952541e-01 -5.996843758327582430e-01 7.594289046121843745e-01
-1.250888581421744639e-01 -7.333798479255476677e-01 6.682116253294215769e-01
-6.156747959801883024e-02 -8.474452507630583220e-01 5.273006660483986474e-01
-2.688252091113292955e-02 -7.895073239742789184e-01 6.131521144548355284e-01
-1.235697079345942778e-01 -6.167823057817888310e-01 7.773738576485957896e-01
1.010906726575296587e-02 -5.826078758938216806e-01 8.126905128679093870e-01
-9.234408343453844037e-02 -5.024910205615433778e-01 8.596367514884722949e-01
-5.069121699578231499e-03 -6.948191587789303014e-01 7.191666292306216901e-01
5.747938197991889209e-02 -4.710023774442365085e-01 8.802572811906093087e-01
8.070053955197050710e-01 -3.999585724618225369e-01 4.344829477855093325e-01
8.622503609576238626e-01 -3.069266570392100713e-01 4.028899877475021207e-01
-1.772670484763297916e-01 2.113539416428774076e-01 9.612002418208756005e-01
-2.791012588727254107e-01 2.814097558084646677e-01 9.181018661518340895e-01
-4.200542431804583643e-01 3.337862523223505962e-01 8.438845718145892016e-01
-2.555919179971988808e-01 4.195873195147249990e-01 8.709875158444930765e-01
-2.087324426173517711e-01 5.462435893273882570e-01 8.112020146164120593e-01
-4.973726049806013738e-01 6.014128565169348795e-01 6.252384087937589152e-01
-3.641194909892569442e-01 6.980085502472112013e-01 6.166044599769864298e-01
-3.930724446965789820e-01 6.158102592860792424e-01 6.828409608234312644e-01
-3.011087732646354764e-01 6.193502405115238751e-01 7.250784690234457486e-01
8.208128784859892724e-01 -2.740157128084753646e-01 5.011802147387783846e-01
8.438689719818252000e-01 -1.735016299598426681e-01 5.077227023953287954e-01
9.016480986250343665e-01 -1.098762141036910833e-01 4.182797195897740572e-01
9.066601381127196158e-01 7.514576286855453868e-02 4.151150542684847178e-01
8.461049680974939147e-01 1.575254308716779184e-01 5.092073463623937313e-01
8.474690220697563836e-01 2.595563719312595774e-01 4.630623569477576584e-01
8.092329194670606629e-01 3.589326413414298256e-01 4.650907879441198989e-01
7.278843155699330492e-01 4.584913841604973950e-01 5.098726054593255563e-01
