-6.605391926948229742e-01 -4.579490779507525700e-01 5.949542981760255200e-01
-4.434178916675134974e-01 -7.257601150754525721e-01 5.259779736023200147e-01
-7.843328018598887397e-01 -2.932487195728772367e-01 5.466509346882013620e-01
-2.610090811864760330e-01 4.297186634010263795e-01 8.644166413616912736e-01
-4.144698427790861062e-01 6.893927319773469620e-01 5.940979805751652743e-01
-3.556376068245978850e-01 -7.680473011188936328e-01 5.325647715124011139e-01
-1.249313020343836844e-01 -6.129288277760638337e-01 7.801989629915266899e-01
-4.034192557397781043e-01 7.500963950882844067e-01 5.240308217785702993e-01
-1.929445197880880758e-01 5.352829189043245561e-01 8.223409323468037213e-01
-6.303136167135700019e-01 -3.097327943702595787e-01 7.118780377824905914e-01
-2.914106851897953487e-01 6.443955710520212765e-01 7.069895052727116491e-01
-6.533129428561488261e-01 4.332309748075965916e-01 6.208809234981358394e-01
-7.503278131512288729e-01 3.084562036712437116e-01 5.846904678788759080e-01
8.701951983804970814e-01 -1.638050538468593387e-01 4.646807732731739193e-01
-3.455847709602606344e-01 7.177327752375237679e-01 6.045087504992684435e-01
-1.762067698980503694e-01 2.098156895676082379e-01 9.617320576196700666e-01
-4.699975886468763520e-01 6.385003973982829040e-01 6.094419653981471008e-01
-2.315449180067366552e-01 -6.822939396335375717e-01 6.934420890633912204e-01
8.485408177229729620e-01 1.468022333651366473e-01 5.083577332322546383e-01
-4.845022418853273671e-01 7.010401526803649030e-01 5.232592874837316277e-01
-2.564592937248343363e-01 -8.085296648805762043e-01 5.296304482091850341e-01
-8.259846009824781676e-01 -1.131085694690788929e-01 5.522281145074696695e-01
-2.770392284824194605e-03 -6.920679899820642023e-01 7.218270029368351048e-01
-7.036924820208448894e-01 -3.572547260391871760e-01 6.141546641278629037e-01
-5.858882384622030592e-01 -6.125928486541145634e-01 5.305327264264605436e-01
-7.606934246416096057e-01 5.694720961623889188e-02 6.466084820228882313e-01
-5.740428594785155353e-02 -8.468964742265225887e-01 5.286502718220263963e-01
8.284464842727582434e-01 -3.558790484994303616e-01 4.324656350916762371e-01
-6.412201879047815245e-01 -1.867614063252837908e-01 7.442827740387110147e-01
-5.141512710006572728e-01 -6.738805733780777185e-01 5.305972515496494291e-01
-4.239076676632652640e-01 -6.051840855302915712e-01 6.738356713006184995e-01
-3.039384732283288426e-01 -7.402805667370149223e-01 5.996716493241583956e-01
-4.246261092764467837e-01 -6.837927310690687932e-01 5.933971421045529659e-01
-4.286417422765055329e-01 3.460477270704711561e-01 8.345760764409214660e-01
-8.225437034617752996e-01 -2.167237797914537897e-02 5.682888032753382612e-01
8.258312396026453728e-01 2.470806892402319932e-01 5.069062010874695323e-01
-7.256427280390463919e-01 -6.040586361175305508e-02 6.854150296611306592e-01
9.072366257955831736e-01 6.287689029058117496e-02 4.158944595476492534e-01
-4.134966352580371485e-01 5.953746083540372158e-01 6.888756116727885459e-01
-7.330103582408611373e-01 -2.757096191421115061e-01 6.218360078220913634e-01
-7.515266327792322620e-01 -3.852768092455037818e-01 5.355086371676117674e-01
-3.047407761311395763e-02 -7.901710621068328555e-01 6.121282734873382259e-01
-3.344736559866388625e-01 -6.779678831470022926e-01 6.545891252320834575e-01
-2.102792857060407361e-01 -7.610467937189132615e-01 6.136696177693001797e-01
-9.173681690202757644e-02 -5.005676614450204065e-01 8.608230786521393618e-01
-5.372577529498333559e-01 5.569039058869683645e-01 6.334130930941785920e-01
-8.082581698446118512e-01 1.178559281712704132e-01 5.769130879728130434e-01
-5.976401072309970308e-01 -5.354633592115373153e-01 5.967455849613120256e-01
-7.092335456680854966e-01 -4.651318119456858691e-01 5.297548255704698228e-01
-7.668611135025761305e-01 -1.436389415646214252e-01 6.255332821391555997e-01
-1.117302721182202446e-01 -7.274348554471786743e-01 6.770191115270902671e-01
-5.344794934699379496e-01 -5.085460442014595461e-01 6.750648798353873214e-01
-1.546278752950347446e-01 -8.217412192946537131e-01 5.484811653045882363e-01
-8.015700956931022247e-01 -2.068650963781183683e-01 5.609743430773127537e-01
-4.739671914525465657e-01 4.752276094229306302e-01 7.412919942025218978e-01
-2.526587047189265967e-01 -6.001853703728270428e-01 7.589078337454334688e-01
-5.139163587515859222e-01 -6.120692797532888418e-01 6.010500586388803912e-01
-5.533919019538667827e-01 6.521306677326196288e-01 5.181534474019153791e-01
-7.155564526745229470e-01 1.664075873609896228e-01 6.784448967341030201e-01
-2.950322904571009985e-01 5.808251278090380554e-01 7.586818295525806777e-01
-3.611220019130908510e-01 6.470919047167210669e-01 6.714633024852270093e-01
7.278795324522727705e-01 4.584931710133290372e-01 5.098778269068026114e-01
-6.139747580137925320e-01 2.429254503999744297e-01 7.510141290747295306e-01
8.089970999057902734e-01 3.596591103545326296e-01 4.649397989880056925e-01
-3.444559555778781146e-01 2.702293777760915172e-01 8.990696180239198254e-01
5.834761556167167296e-02 -4.694579136759582383e-01 8.810248708437712351e-01
8.587185169392513862e-01 2.594411744120455054e-01 4.419194334778130395e-01
-6.504177551320917683e-01 -5.466735421336417211e-01 5.273564090252317316e-01
9.775629371091732953e-03 -5.807190618228477152e-01 8.140453355348157283e-01
-2.510096187667571477e-01 2.982274141229667719e-01 9.208987896354821068e-01
